-12045.8
-12726.2
-11449.9
-13111.8
-8313.53
-11254.6
-12477.8
-11682.2
-10769.5
-15083.3
-12757.7
-10532.1
-11280.6
-11253.4
-13820.3
-12674.9
-12522
-11437.4
-13797.8
-14055.9
-13111.3
-14979.4
-12472.8
-9330
-13502.7
-11829.9
-9359.91
-12622.4
-11933
-8166.55
-16870.9
-9596.49
-11798.5
-13522.3
-12513.9
-10644.5
-10326.6
-10251.4
-15758.8
-10972.3
-10973.2
-9304.57
-12347.7
-9292.34
-9060.44
-10116.6
-10983.6
-11732.8
-12665
-9726.86
-11515.1
-13150.4
-9914.03
-13491.2
-14068.2
-10651.6
-13701.2
-11846
-10280
-9248.06
-10666.3
-12448.2
-11555
-8389.54
-15743
-9107.1
-11066.6
-11413.6
-13756.2
-10459.3
-11456.4
-10353.8
-12714.7
-15912.4
-6849.84
-10038.8
-11158
-11932.5
-7782.4
-9585.53
-7737.26
-11793.9
-9653.34
-7160.92
-11435.5
-13724
-11080.5
-10237.6
-10876.1
-11361.3
-12386.5
-12435.8
-11979.7
-10163.4
-10641.4
-13968.4
-12100.3
-10357.8
-13769.5
-10948.6
-10441.2
-10942.7
-10980.8
-11184.8
-11071.9
-13788.9
-12853.5
-10444.4
-13419.8
-12633
-12650.2
-12910.5
-11679.7
-12211.5
-12108.5
-9836.72
-10239.2
-12876.2
-15150.5
-9351.49
-11978.3
-15192.7
-9084.49
-12383.3
-13133.2
-12441.7
-10241.9
-9492.12
-12221.8
-10922.5
-9990.7
-10552.4
-14422.6
-15159.9
-11244.3
-8155.39
-11524.2
-9456.56
-12835
-10288.3
-15800.2
-10765
-17628.9
-10166.6
-10479.3
-11985.5
-11785
-9674.15
-12028.4
-9512.13
-9925.54
-10104.2
-9687.12
-12472.7
-10594
-6939.1
-13692.2
-11688.7
-11142.7
-10697
-12334
-11932
-11156.5
-11241.1
-11612.7
-11963.2
-9498.15
-10672.1
-13808
-12718.1
-11629.3
-12590.1
-10413.8
-10090.6
-10863.7
-13976
-15195.7
-14611.3
-11850.8
-8756.28
-11588.8
-11751.5
-14270.8
-9248.94
-9717.52
-12455.4
-17004.5
-14072.5
-10879.6
-11421.2
-10837.1
-10150.8
-10855
-11986.9
-13979.4
-13685.6
-15005.1
-13212
-12384.5
-8365.03
-8178.92
-14890.6
-13237.9
-9809.31
-15729.7
-11857.8
-14464.3
-8537.77
-7871
-9836.16
-10298.2
-10127.1
-8850.92
-11136.4
-14293.8
-10010.2
-11665.6
-12206.3
-16525.3
-10735.4
-12043
-12526.3
-9248.12
-11441.6
-9677.11
-13122.3
-13265.6
-12808.9
-13985.2
-8847.97
-6969.36
-11639.8
-7339.51
-13061.7
-9007.9
-5553.62
-8089.26
-11582.3
-12915.4
-8193.04
-9421.04
-11354.3
-12076.3
-9174.73
-11178.1
-9100.95
-13405.6
-15541.4
-11617.8
-9414.58
-10062.1
-11009.1
-14496.8
-14520.8
-10741.5
-10034.5
-13518.1
-10148.5
-11055.6
-12022.7
-13004.3
-11091.3
-13216.3
-10165.7
-8465.36
-10309.5
-13178.3
-11074.3
-16339.2
-12113.3
-8576.58
-7569.44
-12189.7
-9821.04
-13864.1
-12016.1
-8670.87
-16508.2
-10403.7
-11970.8
-10228.2
-12502.8
-9460.04
-11945.3
-11309.3
-11250.9
-9400.37
-10118.1
-11804.6
-13243.9
-8558.09
-10817.5
-7409.06
-12427.6
-10413.7
-10452.8
-11432.3
-11160.5
-10529.2
-9360.8
-8713.28
-13527.2
-11323.8
-11882.7
-12594.6
-11159.6
-12471.9
-9936.88
-12144.2
-15767.5
-10575.7
-9805.83
-11414.2
-15569.5
-13611.9
-10043.8
-10511.2
-17017.5
-12509.4
-15642.1
-17027.6
-10534.4
-10223.3
-13311.1
-11873.3
-12092.4
-13896.6
-11005.9
-13165.9
-12377
-10799.7
-12244.5
-11697.6
-10752.4
-8336.7
-10147.9
-13523.2
-10750.1
-9578.9
-11664.2
-14455.7
-10297
-13415
-12592
-12727.1
-12193.6
-10181.9
-9167.37
-12365.6
-13237.3
-12609.6
-8261.06
-9424.57
-11005.9
-13432.1
-9873.51
-14669.3
-10785.7
-10723.9
-9357.53
-12111.2
-13549.6
-15634.8
-12030.8
-10189.1
-10624.3
-9323.48
-15659.9
-12818.2
-8941.89
-9759.08
-9166.33
-11838.6
-15122.7
-9743.61
-9072.71
-11560.8
-11834.2
-11922.5
-12104.6
-13212.4
-12446.5
-14420.6
-11700.3
-10601.7
-8590.71
-10904.7
-7607.84
-13672.3
-12016.6
-10472
-9889.96
-9887.3
-11087.4
-12403.8
-8460.06
-11593.2
-10377.4
-12814.2
-9018.5
-14665.3
-10651.9
-10373.7
-12450.3
-10635.4
-13196
-15488
-9359.59
-14032.2
-14703.8
-9379.8
-8094.81
-12139.2
-9397.86
-15394.1
-11804.5
-13191
-11791.7
-10752.7
-9641.85
-10326
-9289.12
-11730.6
-11014.6
-10808.5
-11551.4
-12726.9
-9299.12
-10642.7
-12153.8
-10987
-10961.6
-11203.4
-12467.1
-13351.3
-12974.7
-12995.1
-11872.8
-9788.47
-11835.6
-13955
-9470.01
-11725.8
-13441.1
-11586.5
-9885.71
-12221.2
-10581.2
-11296.4
-8789.53
-13266
-13885.9
-9904.32
-9422.51
-12151.8
-12539.8
-10429.9
-10726.6
-11602.9
-11786.4
-11191
-11118.1
-10158.8
-10849.8
-15404.9
-9270.24
-11488.9
-10625
-9398.93
-12512.3
-9473.75
-12513.6
-13833.4
-13203.1
-10103.2
-15143
-14547.6
-13377
-9820.22
-10181.4
-10407.1
-9933.68
-8031.15
-12704.4
-12608.7
-10766
-14913.3
-13797.7
-16853.2
-11422.3
-9737.1
-7291.88
-15269.2
-13013.2
-14659.2
-14892.4
-15477.5
-9789.24
-17282.1
-10918.3
-12453.7
-11475.1
-12302.8
-12402.3
-14033.1
-8580.23
-15304
-15823.5
-12232.1
-12113.2
-11910.8
-11026.1
-13237.7
-13526
-8841.06
-10192.2
-11843.7
-11555.1
-13175.6
-13753.2
-13200.2
-12852.5
-12261.6
-8139.35
-10830.5
-11575.4
-7055.89
-9791.42
-10754.4
-8310.54
-8184.32
-14058.2
-6819.95
-12907.2
-9218.75
-13148.2
-12844.5
-6555.65
-11519.2
-10814.1
-9548.84
-9613.32
-10368.4
-11368.5
-10273.6
-11628.1
-13401.5
-14114.2
-16263.4
-13109.8
-8408.33
-8553.36
-12656.1
-9107.71
-8260.85
-10117.3
-10971.4
-10643.4
-13740.8
-13059.2
-11036.1
-11876.9
-9286.47
-8388.21
-11711.9
-7686.64
-13187
-9049.4
-9965.9
-13437
-14578.7
-11652.6
-10182.7
-10882
-11028.3
-11032.5
-11489
-13119.5
-10211.9
-10191.4
-12507
-13195.9
-11080
-9951.16
-15677.1
-14263.2
-12444.2
-11814.6
-7276.18
-8827.06
-9090.18
-7863.97
-15324.7
-9143.84
-10332.2
-8958.48
-11161
-13834.5
-10478.6
-16259.8
-12025.3
-6778.58
-10482.6
-13677.9
-12557.7
-8951.56
-14132.1
-8914.19
-13915.5
-7847.58
-11623.2
-12133
-7260.38
-12708.9
-12616.8
-9171.8
-8167.98
-8859.41
-11341.4
-8643.6
-11610
-10926.7
-12003.9
-10628
-10511.4
-14065.9
-10989.9
-13041
-11246.5
-12123.8
-11174.3
-7470.61
-11155.9
-13642.9
-11735.9
-12009.9
-14027.9
-7229.42
-13921.7
-11512.4
-9752.2
-8527.88
-10353.3
-8364.75
-10710.2
-14092.2
-12755.2
-9434.06
-11242.3
-13022.9
-10225.8
-8570.54
-15518.2
-8146.95
-12551
-11544.8
-11273.2
-16916.8
-13684.3
-10740.3
-10174.1
-10024.5
-11874.1
-11400.5
-14829.8
-9286.88
-10694.9
-10888.8
-10440.1
-12557.4
-12643.6
-10752.4
-10146.9
-9333.98
-8954.85
-13925.7
-12135.3
-14024.2
-10239.8
-11092.9
-10965.8
-12281.1
-11746.3
-11943.4
-6729.3
-11554.5
-12113.6
-12583.4
-12891
-10070.5
-13124.3
-10861.8
-13744.8
-13984
-11841
-9158.03
-7115.69
-16570
-7838.51
-10338
-7006.95
-14657
-16045.4
-11874.8
-12786.5
-12315.3
-11611.4
-14322.8
-16745.2
-8643.79
-12923.1
-11150.8
-12726.7
-9562.72
-8053.74
-10327
-9907.04
-10058.1
-10299.8
-10630.7
-8960.56
-11074.2
-13234.2
-8731.97
-12215
-10499.6
-8614.37
-8500.51
-15839
-13145.9
-10251.2
-11101.5
-10542.1
-8993.77
-12295.8
-15593
-12038.6
-15502.6
-10389.6
-10886.3
-13069.7
-8338.9
-12115
-12975.1
-11625.4
-13121.4
-10704.3
-13627.8
-9680.48
-12489.9
-7712.98
-16273.4
-9545.12
-11157.4
-10300.5
-12100.4
-10469.4
-11930.8
-13526.7
-11508.9
-13909.7
-8775.51
-10690.8
-12371.6
-10396.7
-10466.8
-12292
-12332.7
-15267.5
-14235.7
-14232.2
-11866.5
-14445.4
-12902.1
-11918.1
-11362.2
-13672.2
-15419.7
-16294
-11587.8
-14858.1
-7197.92
-10417.2
-9727.75
-16616.8
-10459.4
-10926
-10647.4
-9212.93
-10175.6
-12300.5
-9901.81
-12042.1
-13789.2
-11777
-13956.6
-13204.1
-13505.8
-10044.2
-13173.9
-10989.6
-14449.9
-9113.06
-4893.23
-11153.7
-11445.3
-11119.3
-11737.6
-8684.85
-11118
-13735.7
-7040.85
-12237.2
-11330.2
-14226.2
-10474
-11458.1
-9671
-12029.4
-12865
-14607.8
-10668.4
-13079.4
-12486.2
-10665
-10922.5
-13233.6
-11443.6
-11723.5
-12039.3
-9985.98
-10853.3
-12944.1
-11598.9
-11888.6
-10886.2
-11845.4
-10321.7
-12124.7
-10670.8
-11104.6
-10332.7
-9738.01
-13618.3
-13823.6
-9992.09
-11770.8
-12230
-14130.5
-12668.3
-11503.1
-9442.26
-13999.4
-9829.85
-12271.9
-9715.52
-13605
-11455.5
-13388.5
-15819.1
-13337.3
-12239.5
-12006.8
-10402.5
-12917.3
-10434.9
-11500.7
-9816.2
-10644.7
-10164.9
-9045.41
-10171.4
-9752.94
-11833
-13634.6
-10055.3
-13298.1
-15225.6
-11673.2
-13084
-11867
-5937
-12378
-11966.6
-14053.8
-9979.06
-15637.3
-13713.8
-10800.3
-10255.8
-14519.4
-9687.68
-16350.9
-14402.2
-8538.2
-12767.4
-15302.4
-12846.1
-12297.8
-10814.9
-13775.8
-10498.5
-14965.9
-11442.7
-14472.5
-13156.8
-12813.1
-10670.7
-10881.8
-10812.6
-8394.46
-10048.4
-11927.8
-13963.8
-11259
-12887.9
-12671.4
-10646.2
-9204.15
-10530.4
-12289.5
-13119.1
-10023.4
-11989
-8173.72
-10945.4
-6986.61
-11335.4
-8283.56
-10252.3
-16445.6
-11543.5
-11871.1
-12880.9
-9253.8
-11123.9
-12607.3
-9834.92
-11197.4
-12649.5
-13261.5
-12606.9
-11160.5
-10387.4
-15029.8
-11240.4
-10532.1
-10773.8
-10393.6
-15072.5
-10491.1
-11006
-8910.47
-11841.5
-10649.4
-11033.6
-13162
-8703.11
-12473.2
-8876.06
-11254.5
-13070.7
-10989
-10551.2
-13067.3
-14044.4
-7221.7
-14148.3
-11895.5
-15839.1
-12199.8
-13555.8
-12509.4
-17304.3
-10370.6
-9866.18
-12460.2
-11279.9
-10922.6
-14534.6
-13399.4
-10288.8
-9871.58
-10468.3
-13910.6
-13116.8
-14075.5
-12980.6
-11474.4
-12937.3
-12991.9
-11855.1
-14664.1
-13256.5
-12934.3
-11532
-10561.9
-15423.4
-13486.9
-16221
-11438.9
-10769.2
-12019.4
-7908.97
-11871
-12582.2
-6726.59
-11296.6
-8898.49
-11954
-11808.6
-8386.2
-10118.2
-14385.6
-11165.1
-11428
-9892.57
-13227.7
-13656.3
-12991.7
-11670
-6637.15
-13850.8
-10800.5
-13021.7
-10845.1
-18034.1
-9570.83
-16442.6
-9256.29
-15967.4
-10374.2
-10487.6
-13187.8
-13300.1
-11956.7
-11247.1
-10231
-8973.05
-13163.9
-13322.1
-12739
-9744.63
-11400.8
-11064.3
-12464.8
-14511.3
-13400
-10204
-11355.7
-14369.1
-12728.3
-15724
-11344.3
-12490.6
-12094.6
-12346.3
-14886.6
-11909.4
-13363.5
-15653.5
-9015.04
-12543.6
-11545.7
-6448.22
-11763
-12414.5
-11737.7
-10914
-12293.2
-13417.6
-11454.6
-12542.8
-11100.5
-10937.7
-9390.21
-9024.87
-14053
-10850.3
-12187.8
-10530.1
-12437.1
-13314
-11382.9
-11611
-8961.74
-10355.7
-10152.7
-13766.9
-15583.1
-12706.8
-10412.7
-12634.7
-14212
-12752.9
-9509.35
-10253
-11114.8
-11984.2
-11848.7
-10808.6
-9131.04
-8111.96
-16250.4
-10486.5
-14507.7
-10495.3
-11924
-10682.6
-9816.08
-13200.9
-11255
-8873.88
-11058.8
-13250.7
-9584.82
-10945.3
-10943.6
-10153.4
-11978.4
-9304.4
-15435.7
-10347.2
-10618.1
-12182.3
-8747.27
-11003.2
-12914.9
-13575.7
-8973.91
-10271.8
-10065.6
-11107.2
-9379.21
-10647.6
-9780.03
-11529.2
-9213.92
-14648.5
-12042.2
-10031.4
-11207.9
-13931.3
-8135.09
-9206.64
-12212.3
-8813.27
-8238.13
-13342.9
-10601.9
-11120.6
-13327.8
-13203.7
-12776.6
-11795.4
-15026.6
-8774.69
-12031
-7563.28
-15509
-10622
-12381.4
-11626.3
-6765.7
-13524.2
-15200.5
-10679.2
-9185.9
-11146.2
-11950.3
-12381.7
-13902.2
-12528.6
-11084.4
-8095.1
-9429.7
-16883.3
-15444.5
-10115.4
-10452.6
-9652.19
-11613.4
-10898
-13688.4
-13699.5
-10907.9
-15728.2
-10586.6
-14181.9
-10933.8
-15520.1
-10211.8
-13248.8
-9634.19
-13163.6
-8541.29
-12895.4
-13677.7
-9283.62
-14747.4
-12195.3
-10881.5
-11395.6
-11861.3
-10204.8
-5883.76
-11552.7
-11944.6
-10455.7
-8350.89
-13864.8
-10607.1
-9699.52
-11611
-9794.24
-13802
-7625.73
-10748.4
-14325.3
-10459.1
-12034.9
-9094.21
-12086
-9960.83
-12649
-11988.4
-12109.7
-11572.3
-12489.4
-14767.2
-13742.2
-11325.6
-11995.9
-11894.5
-11932.6
-12239.4
-11071.7
-12494.8
-12065.5
-9707.12
-10974.3
-14321.9
-11135.9
-11285.7
-11137.4
-13420
-10428.5
-12932.3
-11549.5
-10942
-15182.3
-13766.9
-11195.6
-10083.9
-9759.34
-17901.2
-10206.9
-9094.18
-11721.9
-11357.8
-11795.1
-10162
-9595.59
-13751.8
